-0.00671 1 2
-0.60774 1 2
-0.04212 1 2
-0.78593 1 2
0.04213 1 2
-0.00671 1 3
-0.60774 1 3
-0.04212 1 3
-0.78593 1 3
0.04213 1 3
-0.00671 1 5
-0.60774 1 5
-0.04212 1 5
-0.78593 1 5
0.04213 1 5
-0.00671 1 8
-0.60774 1 8
-0.04212 1 8
-0.78593 1 8
0.04213 1 8
1.76294 2 2
1.66133 2 2
-0.12387 2 2
1.69666 2 2
1.11864 2 2
1.76294 2 3
1.66133 2 3
-0.12387 2 3
1.69666 2 3
1.11864 2 3
1.76294 2 5
1.66133 2 5
-0.12387 2 5
1.69666 2 5
1.11864 2 5
1.76294 2 8
1.66133 2 8
-0.12387 2 8
1.69666 2 8
1.11864 2 8
0.20464 4 2
-0.40363 4 2
0.67952 4 2
-1.08834 4 2
3.94660 4 2
0.20464 4 3
-0.40363 4 3
0.67952 4 3
-1.08834 4 3
3.94660 4 3
0.20464 4 5
-0.40363 4 5
0.67952 4 5
-1.08834 4 5
3.94660 4 5
0.20464 4 8
-0.40363 4 8
0.67952 4 8
-1.08834 4 8
3.94660 4 8
