1 1 0.617 33.44
2 2 1.232 19.20
3 3 1.842 13.87
4 4 2.445 11.01
5 5 3.037 9.20
6 6 3.618 7.94
7 7 4.185 7.00
8 8 4.736 6.28
9 9 5.272 5.70
10 10 5.789 5.21
11 11 6.289 4.80
12 12 6.770 4.45
13 13 7.233 4.14
14 14 7.677 3.86
15 15 8.103 3.61
16 16 8.511 3.37
17 17 8.901 3.15
18 18 9.275 2.93
19 19 9.632 2.73
20 20 9.974 2.53
21 21 10.301 2.32
22 22 10.614 2.12
23 23 10.913 1.92
24 24 11.199 1.71
25 25 11.474 1.49
26 26 11.736 1.27
27 27 11.988 1.04
28 28 12.230 0.80
29 29 12.461 0.55
30 30 12.684 0.29
31 31 12.898 0.02
32 32 13.104 -0.25
33 33 13.302 -0.54
34 34 13.493 -0.83
35 35 13.678 -1.12
36 36 13.855 -1.43
37 37 14.027 -1.73
38 38 14.193 -2.04
39 39 14.354 -2.34
40 40 14.509 -2.64
41 41 14.660 -2.93
42 42 14.807 -3.22
43 43 14.949 -3.49
44 44 15.087 -3.74
45 45 15.221 -3.98
46 46 15.351 -4.20
47 47 15.478 -4.40
48 48 15.602 -4.57
49 50 15.841 -4.82
50 52 16.069 -4.96
51 54 16.287 -4.97
52 56 16.496 -4.86
53 58 16.697 -4.63
54 60 16.891 -4.29
55 62 17.078 -3.87
56 64 17.259 -3.39
57 66 17.434 -2.86
58 68 17.605 -2.31
59 70 17.770 -1.77
60 72 17.932 -1.24
61 74 18.089 -0.74
62 76 18.242 -0.29
63 78 18.392 0.12
64 80 18.539 0.48
65 82 18.682 0.79
66 84 18.823 1.06
67 86 18.960 1.29
68 88 19.095 1.49
69 90 19.226 1.66
70 92 19.356 1.81
71 94 19.482 1.95
72 96 19.606 2.08
73 100 19.847 2.33
74 104 20.079 2.59
75 108 20.300 2.86
76 112 20.513 3.17
77 116 20.717 3.51
78 120 20.912 3.89
79 124 21.098 4.31
80 128 21.275 4.79
81 132 21.445 5.31
82 136 21.606 5.88
83 140 21.760 6.50
84 144 21.906 7.19
85 148 22.046 7.93
86 152 22.178 8.75
87 156 22.304 9.63
88 160 22.424 10.58
89 164 22.538 11.60
90 168 22.646 12.71
91 172 22.749 13.90
92 176 22.847 15.18
93 180 22.941 16.54
94 184 23.030 18.01
95 188 23.114 19.57
96 192 23.195 21.23
97 196 23.272 23.01
98 200 23.345 24.90
99 204 23.415 26.90
100 208 23.482 29.03
101 212 23.546 31.28
102 216 23.607 33.67
103 220 23.666 36.19
104 224 23.722 38.86
105 228 23.775 41.67
106 232 23.827 44.63
107 236 23.876 47.76
108 240 23.923 51.04
