1 1 0.850 25.87
2 2 1.694 14.85
3 3 2.525 10.72
4 4 3.337 8.50
5 5 4.124 7.10
6 6 4.882 6.11
7 7 5.608 5.37
8 8 6.301 4.79
9 9 6.959 4.32
10 10 7.581 3.92
11 11 8.169 3.57
12 12 8.723 3.25
13 13 9.244 2.95
14 14 9.734 2.67
15 15 10.195 2.39
16 16 10.629 2.11
17 17 11.037 1.83
18 18 11.421 1.53
19 19 11.783 1.23
20 20 12.125 0.90
21 21 12.448 0.56
22 22 12.753 0.21
23 23 13.042 -0.17
24 24 13.317 -0.56
25 25 13.577 -0.96
26 26 13.825 -1.37
27 27 14.062 -1.79
28 28 14.288 -2.21
29 29 14.504 -2.63
30 30 14.711 -3.03
31 31 14.909 -3.41
32 32 15.100 -3.77
33 33 15.283 -4.09
34 34 15.460 -4.37
35 35 15.631 -4.60
36 36 15.795 -4.78
37 37 15.955 -4.91
38 38 16.110 -4.97
39 39 16.260 -4.98
40 40 16.405 -4.92
41 41 16.547 -4.81
42 42 16.685 -4.65
43 43 16.820 -4.43
44 44 16.951 -4.17
45 45 17.079 -3.87
46 46 17.204 -3.54
47 47 17.327 -3.19
48 48 17.447 -2.82
49 50 17.680 -2.06
50 52 17.904 -1.33
51 54 18.121 -0.64
52 56 18.331 -0.04
53 58 18.534 0.47
54 60 18.730 0.89
55 62 18.922 1.23
56 64 19.108 1.51
57 66 19.288 1.74
58 68 19.464 1.93
59 70 19.635 2.11
60 72 19.801 2.28
61 74 19.963 2.45
62 76 20.120 2.63
63 78 20.273 2.82
64 80 20.421 3.03
65 82 20.565 3.25
66 84 20.705 3.49
67 86 20.840 3.74
68 88 20.971 4.02
69 90 21.099 4.32
70 92 21.222 4.64
71 94 21.341 4.98
72 96 21.457 5.35
73 100 21.676 6.15
74 104 21.882 7.07
75 108 22.074 8.10
76 112 22.253 9.25
77 116 22.420 10.54
78 120 22.575 11.97
79 124 22.721 13.56
80 128 22.857 15.30
81 132 22.984 17.23
82 136 23.102 19.33
83 140 23.213 21.64
84 144 23.317 24.15
85 148 23.414 26.88
86 152 23.506 29.84
87 156 23.592 33.04
88 160 23.673 36.51
89 164 23.749 40.24
90 168 23.821 44.26
91 172 23.888 48.58
92 176 23.952 53.21
93 180 24.013 58.17
94 184 24.070 63.48
95 188 24.124 69.13
96 192 24.176 69.13
97 196 24.225 69.13
98 200 24.271 69.13
99 204 24.316 69.13
100 208 24.358 69.13
101 212 24.398 69.13
102 216 24.436 69.13
103 220 24.473 69.13
104 224 24.508 69.13
105 228 24.541 69.13
106 232 24.573 69.13
