1 1 0.925 24.17
2 2 1.842 13.87
3 3 2.742 10.01
4 4 3.618 7.94
5 5 4.463 6.62
6 6 5.272 5.70
7 7 6.041 5.00
8 8 6.770 4.45
9 9 7.457 4.00
10 10 8.103 3.61
11 11 8.708 3.26
12 12 9.275 2.93
13 13 9.805 2.63
14 14 10.301 2.32
15 15 10.765 2.02
16 16 11.199 1.71
17 17 11.606 1.38
18 18 11.988 1.04
19 19 12.347 0.67
20 20 12.684 0.29
21 21 13.002 -0.11
22 22 13.302 -0.54
23 23 13.586 -0.97
24 24 13.855 -1.43
25 25 14.111 -1.88
26 26 14.354 -2.34
27 27 14.585 -2.79
28 28 14.807 -3.22
29 29 15.018 -3.62
30 30 15.221 -3.98
31 31 15.415 -4.30
32 32 15.602 -4.57
33 33 15.783 -4.77
34 34 15.956 -4.91
35 35 16.124 -4.98
36 36 16.287 -4.97
37 37 16.445 -4.90
38 38 16.598 -4.76
39 39 16.746 -4.55
40 40 16.891 -4.29
41 41 17.032 -3.99
42 42 17.169 -3.64
43 43 17.303 -3.26
44 44 17.434 -2.86
45 45 17.563 -2.45
46 46 17.688 -2.04
47 47 17.811 -1.63
48 48 17.932 -1.24
49 50 18.166 -0.51
50 52 18.392 0.12
51 54 18.611 0.64
52 56 18.823 1.06
53 58 19.028 1.39
54 60 19.226 1.66
55 62 19.419 1.88
56 64 19.606 2.08
57 66 19.788 2.27
58 68 19.964 2.46
59 70 20.135 2.65
60 72 20.300 2.86
61 74 20.461 3.09
62 76 20.616 3.33
63 78 20.766 3.60
64 80 20.912 3.89
65 82 21.052 4.20
66 84 21.188 4.54
67 86 21.318 4.91
68 88 21.445 5.31
69 90 21.567 5.73
70 92 21.684 6.18
71 94 21.797 6.67
72 96 21.906 7.19
73 100 22.113 8.33
74 104 22.304 9.63
75 108 22.482 11.08
76 112 22.646 12.71
77 116 22.799 14.53
78 120 22.941 16.54
79 124 23.072 18.77
80 128 23.195 21.23
81 132 23.309 23.94
82 136 23.415 26.90
83 140 23.515 30.14
84 144 23.607 33.67
85 148 23.694 37.51
86 152 23.775 41.67
87 156 23.852 46.17
88 160 23.923 51.04
89 164 23.991 56.29
90 168 24.054 61.94
91 172 24.114 68.00
92 176 24.171 68.00
93 180 24.224 68.00
94 184 24.275 68.00
95 188 24.322 68.00
96 192 24.368 68.00
97 196 24.411 68.00
98 200 24.452 68.00
99 204 24.491 68.00
100 208 24.528 68.00
101 212 24.564 68.00
102 216 24.597 68.00
