0.000000000000000000e+00
-4.770000145981612150e-07
-4.770000145981612150e-07
-4.770000145981612150e-07
-4.770000145981612150e-07
-4.770000145981612150e-07
-4.770000145981612150e-07
-9.540000291963224299e-07
-9.540000291963224299e-07
-9.540000291963224299e-07
-9.540000291963224299e-07
-1.430999986951064784e-06
-1.430999986951064784e-06
-1.906999955281207804e-06
-1.906999955281207804e-06
-2.384000026722787879e-06
-2.384000026722787879e-06
-2.860999984477530234e-06
-3.337999942232272588e-06
-3.337999942232272588e-06
-3.815000127360690385e-06
-4.292000085115432739e-06
-4.768000053445575759e-06
-5.245000011200318113e-06
-6.198999926709802821e-06
-6.675999884464545175e-06
-7.628999810549430549e-06
-8.105999768304172903e-06
-9.059999683813657612e-06
-1.001399959932314232e-05
-1.144399993791012093e-05
-1.239799985341960564e-05
-1.382800019200658426e-05
-1.478200010751606897e-05
-1.668900040385778993e-05
-1.811999936762731522e-05
-1.954999970621429384e-05
-2.145799953723326325e-05
-2.336500074306968600e-05
-2.527200012991670519e-05
-2.765700082818511873e-05
-3.004099926329217851e-05
-3.242499951738864183e-05
-3.480899977148510516e-05
-3.767000089283101261e-05
-4.053099837619811296e-05
-4.339199949754402041e-05
-4.625300061888992786e-05
-4.959099896950647235e-05
-5.292900095810182393e-05
-5.578999844146892428e-05
-5.960500129731371999e-05
-6.294299964793026447e-05
-6.628000119235366583e-05
-7.009499677224084735e-05
-7.343300239881500602e-05
-7.677100074943155050e-05
-8.058499952312558889e-05
-8.392299787374213338e-05
-8.726100350031629205e-05
-9.059900185093283653e-05
-9.346000297227874398e-05
-9.632099681766703725e-05
-9.918199793901294470e-05
1.015660018310882151e-04
1.039510025293566287e-04
1.058580019162036479e-04
1.072879967978224158e-04
1.082419985323213041e-04
1.087190030375495553e-04
1.087190030375495553e-04
1.082419985323213041e-04
1.068119963747449219e-04
1.053809974109753966e-04
1.025200035655871034e-04
9.918199793901294470e-05
9.536700235912576318e-05
9.012199734570458531e-05
8.440000237897038460e-05
7.772399840177968144e-05
6.961799954297021031e-05
6.055799894966185093e-05
5.054500070400536060e-05
3.957700027967803180e-05
2.717999996093567461e-05
1.382800019200658426e-05
-9.540000291963224299e-07
-1.716599945211783051e-05
-3.433199890423566103e-05
-5.292900095810182393e-05
-7.295599789358675480e-05
-9.393700020154938102e-05
-1.163479973911307752e-04
-1.401899935444816947e-04
-1.654619991313666105e-04
-1.912120060296729207e-04
-2.188679936807602644e-04
-2.474779903423041105e-04
-2.770420105662196875e-04
-3.075599961448460817e-04
-3.390309866517782211e-04
-3.714560007210820913e-04
-4.043579974677413702e-04
-4.382129991427063942e-04
-4.725460021290928125e-04
-5.073550273664295673e-04
-5.421640234999358654e-04
-5.769730196334421635e-04
-6.117820157669484615e-04
-6.465910119004547596e-04
-6.809229962527751923e-04
-7.143020047806203365e-04
-7.472040015272796154e-04
-7.791519747115671635e-04
-8.096690289676189423e-04
-8.387570269405841827e-04
-8.664130000397562981e-04
-8.916850201785564423e-04
-9.150509722530841827e-04
-9.355550282634794712e-04
-9.541509789414703846e-04
-9.689329890534281731e-04
-9.808540344238281250e-04
-9.894369868561625481e-04
-9.942050091922283173e-04
-9.951590327546000481e-04
-9.918210562318563461e-04
-9.837150573730468750e-04
9.713170002214610577e-04
9.536740253679454327e-04
9.307860163971781731e-04
9.026529733091592789e-04
8.687970112077891827e-04
8.292199927382171154e-04
7.839199970476329327e-04
7.319449796341359615e-04
6.742479745298624039e-04
6.103520281612873077e-04
5.393030005507171154e-04
4.625320143532007933e-04
3.786089946515858173e-04
2.884859859477728605e-04
1.916890032589435577e-04
8.821499795885756612e-05
-2.145799953723326325e-05
-1.373289996990934014e-04
-2.598759892862290144e-04
-3.881450102198868990e-04
-5.221369792707264423e-04
-6.618499755859375000e-04
-8.068080060184001923e-04
-9.565349901095032692e-04
-1.111031044274568558e-03
-1.269817003048956394e-03
-1.432419056072831154e-03
-1.597880967892706394e-03
-1.766682020388543606e-03
-1.937389024533331394e-03
-2.110003959387540817e-03
-2.283096080645918846e-03
-2.457142109051346779e-03
-2.630711067467927933e-03
-2.803325885906815529e-03
-2.974032890051603317e-03
-3.141880035400390625e-03
-3.306865924969315529e-03
-3.467082977294921875e-03
-3.622531890869140625e-03
-3.771781921386718750e-03
-3.914356231689453125e-03
-4.048823844641447067e-03
-4.174708854407072067e-03
-4.290581215173006058e-03
-4.395962227135896683e-03
-4.489899147301912308e-03
-4.570484161376953125e-03
-4.638195037841796875e-03
-4.691123962402343750e-03
-4.728316795080900192e-03
-4.748820792883634567e-03
-4.752159118652343750e-03
-4.737377166748046875e-03
-4.703044891357421875e-03
-4.649161826819181442e-03
-4.573822021484375000e-03
-4.477024078369140625e-03
-4.357814788818359375e-03
-4.215240012854337692e-03
-4.049301147460937500e-03
-3.858566051349043846e-03
-3.643035888671875000e-03
-3.401756053790450096e-03
3.134727012366056442e-03
2.841473091393709183e-03
2.521514892578125000e-03
2.174854045733809471e-03
1.800536992959678173e-03
1.399516942910850048e-03
9.713170002214610577e-04
5.159379797987639904e-04
3.337900125188753009e-05
-4.758829891216009855e-04
-1.011847984045743942e-03
-1.573562971316277981e-03
-2.161503070965409279e-03
-2.774239052087068558e-03
-3.411293029785156250e-03
-4.072188865393400192e-03
-4.756451118737459183e-03
-5.462170112878084183e-03
-6.189345847815275192e-03
-6.937026977539062500e-03
-7.703303825110197067e-03
-8.487224578857421875e-03
-9.287834167480468750e-03
-1.010370254516601562e-02
-1.093339920043945312e-02
-1.177501678466796875e-02
-1.262760162353515625e-02
-1.348924636840820312e-02
-1.435852143913507462e-02
-1.523351669311523438e-02
-1.611280441284179688e-02
-1.699447631835937500e-02
-1.787614822387695312e-02
-1.875686645507812500e-02
-1.963424682617187500e-02
-2.050685882568359375e-02
-2.137231826782226562e-02
-2.222871780395507812e-02
-2.307415008544921875e-02
-2.390718460083007812e-02
-2.472543716430664062e-02
-2.552700042724609375e-02
-2.631092071533203125e-02
-2.707386016845703125e-02
-2.781534194946289062e-02
-2.853298187255859375e-02
-2.922487258911132812e-02
-2.989006042480468750e-02
-3.052663803100585938e-02
-3.113269805908203125e-02
-3.170680999755859375e-02
-3.224802017211914062e-02
-3.275489807128906250e-02
-3.322553634643554688e-02
-3.365993499755859375e-02
-3.405570983886718750e-02
-3.441286087036132812e-02
-3.473043441772460938e-02
-3.500699996948242188e-02
-3.524208068847656250e-02
-3.543519973754882812e-02
-3.558635711669921875e-02
-3.569412231445312500e-02
-3.575897216796875000e-02
3.578090667724609375e-02
3.575897216796875000e-02
3.569412231445312500e-02
3.558635711669921875e-02
3.543519973754882812e-02
3.524208068847656250e-02
3.500699996948242188e-02
3.473043441772460938e-02
3.441286087036132812e-02
3.405570983886718750e-02
3.365993499755859375e-02
3.322553634643554688e-02
3.275489807128906250e-02
3.224802017211914062e-02
3.170680999755859375e-02
3.113269805908203125e-02
3.052663803100585938e-02
2.989006042480468750e-02
2.922487258911132812e-02
2.853298187255859375e-02
2.781534194946289062e-02
2.707386016845703125e-02
2.631092071533203125e-02
2.552700042724609375e-02
2.472543716430664062e-02
2.390718460083007812e-02
2.307415008544921875e-02
2.222871780395507812e-02
2.137231826782226562e-02
2.050685882568359375e-02
1.963424682617187500e-02
1.875686645507812500e-02
1.787614822387695312e-02
1.699447631835937500e-02
1.611280441284179688e-02
1.523351669311523438e-02
1.435852143913507462e-02
1.348924636840820312e-02
1.262760162353515625e-02
1.177501678466796875e-02
1.093339920043945312e-02
1.010370254516601562e-02
9.287834167480468750e-03
8.487224578857421875e-03
7.703303825110197067e-03
6.937026977539062500e-03
6.189345847815275192e-03
5.462170112878084183e-03
4.756451118737459183e-03
4.072188865393400192e-03
3.411293029785156250e-03
2.774239052087068558e-03
2.161503070965409279e-03
1.573562971316277981e-03
1.011847984045743942e-03
4.758829891216009855e-04
-3.337900125188753009e-05
-5.159379797987639904e-04
-9.713170002214610577e-04
-1.399516942910850048e-03
-1.800536992959678173e-03
-2.174854045733809471e-03
-2.521514892578125000e-03
-2.841473091393709183e-03
3.134727012366056442e-03
3.401756053790450096e-03
3.643035888671875000e-03
3.858566051349043846e-03
4.049301147460937500e-03
4.215240012854337692e-03
4.357814788818359375e-03
4.477024078369140625e-03
4.573822021484375000e-03
4.649161826819181442e-03
4.703044891357421875e-03
4.737377166748046875e-03
4.752159118652343750e-03
4.748820792883634567e-03
4.728316795080900192e-03
4.691123962402343750e-03
4.638195037841796875e-03
4.570484161376953125e-03
4.489899147301912308e-03
4.395962227135896683e-03
4.290581215173006058e-03
4.174708854407072067e-03
4.048823844641447067e-03
3.914356231689453125e-03
3.771781921386718750e-03
3.622531890869140625e-03
3.467082977294921875e-03
3.306865924969315529e-03
3.141880035400390625e-03
2.974032890051603317e-03
2.803325885906815529e-03
2.630711067467927933e-03
2.457142109051346779e-03
2.283096080645918846e-03
2.110003959387540817e-03
1.937389024533331394e-03
1.766682020388543606e-03
1.597880967892706394e-03
1.432419056072831154e-03
1.269817003048956394e-03
1.111031044274568558e-03
9.565349901095032692e-04
8.068080060184001923e-04
6.618499755859375000e-04
5.221369792707264423e-04
3.881450102198868990e-04
2.598759892862290144e-04
1.373289996990934014e-04
2.145799953723326325e-05
-8.821499795885756612e-05
-1.916890032589435577e-04
-2.884859859477728605e-04
-3.786089946515858173e-04
-4.625320143532007933e-04
-5.393030005507171154e-04
-6.103520281612873077e-04
-6.742479745298624039e-04
-7.319449796341359615e-04
-7.839199970476329327e-04
-8.292199927382171154e-04
-8.687970112077891827e-04
-9.026529733091592789e-04
-9.307860163971781731e-04
-9.536740253679454327e-04
9.713170002214610577e-04
9.837150573730468750e-04
9.918210562318563461e-04
9.951590327546000481e-04
9.942050091922283173e-04
9.894369868561625481e-04
9.808540344238281250e-04
9.689329890534281731e-04
9.541509789414703846e-04
9.355550282634794712e-04
9.150509722530841827e-04
8.916850201785564423e-04
8.664130000397562981e-04
8.387570269405841827e-04
8.096690289676189423e-04
7.791519747115671635e-04
7.472040015272796154e-04
7.143020047806203365e-04
6.809229962527751923e-04
6.465910119004547596e-04
6.117820157669484615e-04
5.769730196334421635e-04
5.421640234999358654e-04
5.073550273664295673e-04
4.725460021290928125e-04
4.382129991427063942e-04
4.043579974677413702e-04
3.714560007210820913e-04
3.390309866517782211e-04
3.075599961448460817e-04
2.770420105662196875e-04
2.474779903423041105e-04
2.188679936807602644e-04
1.912120060296729207e-04
1.654619991313666105e-04
1.401899935444816947e-04
1.163479973911307752e-04
9.393700020154938102e-05
7.295599789358675480e-05
5.292900095810182393e-05
3.433199890423566103e-05
1.716599945211783051e-05
9.540000291963224299e-07
-1.382800019200658426e-05
-2.717999996093567461e-05
-3.957700027967803180e-05
-5.054500070400536060e-05
-6.055799894966185093e-05
-6.961799954297021031e-05
-7.772399840177968144e-05
-8.440000237897038460e-05
-9.012199734570458531e-05
-9.536700235912576318e-05
-9.918199793901294470e-05
-1.025200035655871034e-04
-1.053809974109753966e-04
-1.068119963747449219e-04
-1.082419985323213041e-04
-1.087190030375495553e-04
-1.087190030375495553e-04
-1.082419985323213041e-04
-1.072879967978224158e-04
-1.058580019162036479e-04
-1.039510025293566287e-04
1.015660018310882151e-04
9.918199793901294470e-05
9.632099681766703725e-05
9.346000297227874398e-05
9.059900185093283653e-05
8.726100350031629205e-05
8.392299787374213338e-05
8.058499952312558889e-05
7.677100074943155050e-05
7.343300239881500602e-05
7.009499677224084735e-05
6.628000119235366583e-05
6.294299964793026447e-05
5.960500129731371999e-05
5.578999844146892428e-05
5.292900095810182393e-05
4.959099896950647235e-05
4.625300061888992786e-05
4.339199949754402041e-05
4.053099837619811296e-05
3.767000089283101261e-05
3.480899977148510516e-05
3.242499951738864183e-05
3.004099926329217851e-05
2.765700082818511873e-05
2.527200012991670519e-05
2.336500074306968600e-05
2.145799953723326325e-05
1.954999970621429384e-05
1.811999936762731522e-05
1.668900040385778993e-05
1.478200010751606897e-05
1.382800019200658426e-05
1.239799985341960564e-05
1.144399993791012093e-05
1.001399959932314232e-05
9.059999683813657612e-06
8.105999768304172903e-06
7.628999810549430549e-06
6.675999884464545175e-06
6.198999926709802821e-06
5.245000011200318113e-06
4.768000053445575759e-06
4.292000085115432739e-06
3.815000127360690385e-06
3.337999942232272588e-06
3.337999942232272588e-06
2.860999984477530234e-06
2.384000026722787879e-06
2.384000026722787879e-06
1.906999955281207804e-06
1.906999955281207804e-06
1.430999986951064784e-06
1.430999986951064784e-06
9.540000291963224299e-07
9.540000291963224299e-07
9.540000291963224299e-07
9.540000291963224299e-07
4.770000145981612150e-07
4.770000145981612150e-07
4.770000145981612150e-07
4.770000145981612150e-07
4.770000145981612150e-07
4.770000145981612150e-07
