2.000000000000000000e+00
1.587401032447814941e+00
1.259921073913574219e+00
1.000000000000000000e+00
7.937005162239074707e-01
6.299605369567871094e-01
5.000000000000000000e-01
3.968502581119537354e-01
3.149802684783935547e-01
2.500000000000000000e-01
1.984251290559768677e-01
1.574901342391967773e-01
1.250000000000000000e-01
9.921256452798843384e-02
7.874506711959838867e-02
6.250000000000000000e-02
4.960628226399421692e-02
3.937253355979919434e-02
3.125000000000000000e-02
2.480314113199710846e-02
1.968626677989959717e-02
1.562500000000000000e-02
1.240157056599855423e-02
9.843133389949798584e-03
7.812500000000000000e-03
6.200785282999277115e-03
4.921566694974899292e-03
3.906250000000000000e-03
3.100392641499638557e-03
2.460783347487449646e-03
1.953125000000000000e-03
1.550196320749819279e-03
1.230391673743724823e-03
9.765625000000000000e-04
7.750981603749096394e-04
6.151958368718624115e-04
4.882812500000000000e-04
3.875490801874548197e-04
3.075979184359312057e-04
2.441406250000000000e-04
1.937745400937274098e-04
1.537989592179656029e-04
1.220703125000000000e-04
9.688727004686370492e-05
7.689947960898280144e-05
6.103515625000000000e-05
4.844363502343185246e-05
3.844973980449140072e-05
3.051757812500000000e-05
2.422181751171592623e-05
1.922486990224570036e-05
1.525878906250000000e-05
1.211090875585796311e-05
9.612434951122850180e-06
7.629394531250000000e-06
6.055454377928981557e-06
4.806217475561425090e-06
3.814697265625000000e-06
3.027727188964490779e-06
2.403108737780712545e-06
1.907348632812500000e-06
1.513863594482245389e-06
1.201554368890356272e-06
-1.000000000000000000e+00
